2
20 right
2 2 2 2 2 2 2 2 2 2 2 2 2 2 2 2 2 2 2 2
2 2 2 2 2 2 2 2 2 2 2 2 2 2 2 2 2 2 2 2
2 2 2 2 2 2 2 2 2 2 2 2 2 2 2 2 2 2 2 2
2 2 2 2 2 2 2 2 2 2 2 2 2 2 2 2 2 2 2 2
2 2 2 2 2 2 2 2 2 2 2 2 2 2 2 2 2 2 2 2
2 2 2 2 2 2 2 2 2 2 2 2 2 2 2 2 2 2 2 2
2 2 2 2 2 2 2 2 2 2 2 2 2 2 2 2 2 2 2 2
2 2 2 2 2 2 2 2 2 2 2 2 2 2 2 2 2 2 2 2
2 2 2 2 2 2 2 2 2 2 2 2 2 2 2 2 2 2 2 2
2 2 2 2 2 2 2 2 2 2 2 2 2 2 2 2 2 2 2 2
2 2 2 2 2 2 2 2 2 2 2 2 2 2 2 2 2 2 2 2
2 2 2 2 2 2 2 2 2 2 2 2 2 2 2 2 2 2 2 2
2 2 2 2 2 2 2 2 2 2 2 2 2 2 2 2 2 2 2 2
2 2 2 2 2 2 2 2 2 2 2 2 2 2 2 2 2 2 2 2
2 2 2 2 2 2 2 2 2 2 2 2 2 2 2 2 2 2 2 2
2 2 2 2 2 2 2 2 2 2 2 2 2 2 2 2 2 2 2 2
2 2 2 2 2 2 2 2 2 2 2 2 2 2 2 2 2 2 2 2
2 2 2 2 2 2 2 2 2 2 2 2 2 2 2 2 2 2 2 2
2 2 2 2 2 2 2 2 2 2 2 2 2 2 2 2 2 2 2 2
2 2 2 2 2 2 2 2 2 2 2 2 2 2 2 2 2 2 2 2
20 right
0 0 0 0 0 0 0 0 0 0 0 32 2 0 0 0 4 4 0 0
0 4 2 0 0 2 0 0 0 0 0 0 8 4 0 1024 0 0 0 4
2 0 0 0 0 2 16 0 0 0 0 512 0 0 64 128 256 0 0 0
0 0 32 4 0 0 0 0 0 0 0 0 0 0 64 0 0 16 0 0
256 4 0 0 0 8 1024 0 4 0 4 0 32 256 0 0 1024 0 8 2
0 4 0 0 0 2 0 0 0 0 0 32 0 0 0 0 4 0 0 0
0 0 0 0 0 0 0 0 0 0 0 1024 0 2 128 0 0 256 0 4
0 0 4 0 2 0 2 0 0 0 0 0 0 1024 0 64 0 0 0 32
0 0 0 32 0 0 512 8 0 0 1024 0 0 0 0 0 128 0 0 0
0 0 0 256 0 0 32 2 0 0 8 0 16 0 64 2 0 256 0 0
4 2 2 0 0 0 0 2 0 0 128 0 4 0 0 4 0 0 4 1024
2 0 0 0 4 0 0 0 0 4 0 0 0 0 0 1024 0 0 0 8
0 8 32 4 2 0 512 0 0 0 0 0 0 32 0 0 256 2 0 0
0 0 0 0 128 0 0 0 0 0 0 0 0 0 4 2 0 0 0 128
0 0 0 0 512 64 4 16 0 8 64 0 0 4 0 0 0 0 128 64
0 0 512 128 0 0 0 0 32 0 0 0 1024 0 0 4 0 256 0 0
0 0 0 64 0 16 0 0 8 0 0 0 0 1024 256 16 0 512 0 0
0 0 0 8 0 8 0 0 2 0 0 4 0 0 0 0 0 0 0 0
0 0 0 8 16 0 0 0 0 0 2 0 4 8 0 0 0 4 0 0
0 0 0 0 64 0 0 0 0 0 16 0 0 0 32 0 0 2 4 0